153.2786 163.4535 2
194.2328 151.0441 2
183.5064 140.8874 2
197.4634 147.2318 2
210.5043 155.4695 2
168.1477 152.8096 2
163.8623 176.6817 2
150.5187 167.8213 2
188.7545 183.2231 2
198.6696 182.6896 2
214.9205 155.3316 2
209.5332 141.4137 2
161.349 144.5276 2
166.3286 165.1943 2
155.7204 171.6199 2
204.6506 136.7094 2
147.2052 157.1831 2
184.7996 200.2154 2
175.0613 164.1039 2
199.9495 120.209 2
156.8886 204.0618 2
231.1909 149.9763 2
165.3952 166.1428 2
200.5054 152.8357 2
209.135 175.7292 2
178.0315 190.1357 2
163.2339 151.9775 2
225.0255 152.4329 2
186.9968 178.2674 2
213.9956 190.5411 2
198.0096 212.9186 2
193.7498 195.2587 2
197.2415 196.3888 2
184.4068 178.0208 2
183.908 171.1387 2
181.1265 174.592 2
171.7506 211.0556 2
264.1485 202.1165 2
249.4897 172.4719 2
238.157 184.8511 2
262.3311 189.223 2
263.9105 202.9034 2
242.1418 227.3372 2
225.688 168.5941 2
258.8469 257.1086 2
245.6679 214.1588 2
230.4767 221.7592 2
224.2968 180.5425 2
272.5408 236.9769 2
255.8529 203.0915 2
248.753 262.1355 2
264.7688 225.6764 2
283.4038 219.7708 2
272.957 215.5664 2
236.5644 225.2388 2
254.6294 225.1398 2
259.68 197.2225 2
283.9773 210.3238 2
293.6389 241.4774 2
283.3638 236.5289 2
244.1824 208.5006 2
281.7941 247.9406 2
279.644 274.662 2
224.4225 201.2548 2
250.055 243.9662 2
236.6941 229.2775 2
241.3383 225.4992 2
308.8611 315.3121 2
293.548 331.3707 2
292.1056 320.5173 2
326.0076 268.9625 2
268.4203 327.4548 2
333.7772 283.2795 2
285.0235 325.9469 2
269.4815 342.897 2
332.351 321.8597 2
309.977 331.0657 2
300.7419 346.4241 2
345.3017 306.0919 2
293.8987 295.3562 2
299.2515 340.4903 2
267.7628 342.946 2
298.4103 353.1155 2
308.5593 316.0894 2
279.5557 351.6278 2
282.2301 343.3151 2
295.0207 323.0773 2
343.1607 371.6028 2
319.2592 377.7132 2
304.2838 347.529 2
318.4601 337.5268 2
289.8981 345.8873 2
284.7945 334.7771 2
346.5197 389.0985 2
296.1453 369.813 2
401.9597 409.3101 2
389.6363 373.2408 2
398.9227 389.7858 2
363.8811 410.0366 2
397.9539 407.0187 2
409.3815 376.4411 2
416.2195 428.8166 2
367.2927 415.3006 2
425.9403 386.511 2
393.9066 398.1119 2
405.7871 398.5824 2
406.1969 374.4722 2
424.8686 408.2573 2
429.3991 384.8615 2
409.7267 423.772 2
369.3137 392.6213 2
365.8556 430.6819 2
411.2712 431.1727 2
412.555 447.4023 2
452.4417 415.631 2
385.4424 379.2662 2
357.8046 425.4785 2
391.782 441.7693 2
437.1792 383.2091 2
428.1447 419.4427 2
415.5138 397.1184 2
362.1612 405.4666 2
406.0326 440.5814 2
387.5842 389.6255 2
410.2859 408.1852 2
407.1485 396.9084 2
429.4106 392.6252 2
393.4119 431.9994 2
429.4417 451.7354 2
396.8591 424.757 2
458.0149 431.7808 2
428.6524 435.0418 2
419.0717 402.2838 2
423.4975 409.2083 2
382.4406 445.1262 2
432.9448 426.071 2
427.5767 441.3974 2
369.8541 416.3152 2
433.1377 412.2026 2
393.3051 443.7415 2
405.7962 463.3646 2
421.5342 457.2817 2
431.2643 489.3387 2
413.5304 440.9884 2
441.874 442.8146 2
442.5708 483.5911 2
418.7986 467.2118 2
451.7325 487.394 2
429.1195 469.1165 2
434.819 501.5332 2
424.6758 493.8572 2
470.9244 440.3243 2
470.7509 416.071 2
472.7001 441.3732 2
440.3364 477.3019 2
487.3313 476.6699 2
478.1739 482.8877 2
475.9596 447.7178 2
476.8789 512.8417 2
478.3241 446.1377 2
484.4121 505.7578 2
480.0274 465.2679 2
495.8329 438.6873 2
450.4993 457.5232 2
497.4037 462.4031 2
496.6786 509.3325 2
463.7656 457.2872 2
519.7006 489.238 2
490.7937 488.4996 2
472.9754 458.391 2
532.9739 490.2771 2
459.4894 498.5533 2
487.3444 471.092 2
450.9941 486.1844 2
456.8873 499.7669 2
499.1689 504.4512 2
474.8856 514.9423 2
440.1203 504.7329 2
444.2697 518.2767 2
524.9352 513.0486 2
490.4091 526.8599 2
504.9421 520.3242 2
472.1297 519.2892 2
505.3202 494.6526 2
553.5427 508.0248 2
495.4097 493.0186 2
523.4462 523.1791 2
496.4394 554.2609 2
